194
-380
-165
414
327
166
424
71
260
125
-369
268
-189
343
72
465
-494
-39
-48
92
-182
427
-7
-426
389
-50
64
143
174
-428
-45
-93
-13
413
20
358
186
-212
-247
19
296
384
484
54
296
320
-157
-323
260
-195
-36
114
-345
-297
160
282
-393
-450
-445
-248
141
434
478
482
-356
480
-474
-53
392
-136
-231
-7
497
-134
-44
-141
418
148
35
-374
376
-79
259
21
-316
322
47
-394
187
-131
59
16
-497
-261
-115
-345
-273
-488
-67
302
25
-297
-253
216
13
23
-297
-373
376
-295
-344
-358
-254
-398
473
5
-403
-496
39
-31
-441
308
209
-79
446
34
-59
475
395
-106
-369
-203
-294
-461
-231
-214
-481
-427
416
100
294
-262
-21
-207
-138
-184
-263
32
-238
234
473
351
424
294
-113
-76
139
-341
178
492
118
393
-112
106
-181
28
361
-102
-115
-238
-98
-435
-243
-434
-179
-147
-499
128
-377
81
22
-144
95
-5
482
269
-51
-191
373
-158
-119
12
-406
100
-81
-214
9
427
-206
-104
200
329
108
172
197
-324
314
470
-254
-167
-269
-56
-66
-1
-281
107
-78
-383
-466
20
-27
-481
-68
-440
341
285
313
192
-114
-80
262
-90
41
307
-487
-255
120
-78
253
-410
37
-102
157
152
376
-57
274
305
-348
155
228
-497
-321
-58
383
158
52
-389
-17
157
306
293
-471
-283
485
73
-496
-104
-279
117
-71
68
345
288
-327
248
-391
325
-375
-329
-406
-226
-57
-374
139
-348
456
164
-145
-415
-373
-201
-203
-304
-471
259
-256
-403
423
53
350
-53
260
401
346
243
132
36
7
211
344
445
-338
374
-216
-425
-140
-428
-470
368
418
271
-143
-165
438
-428
-167
449
265
0
-487
315
281
-343
445
-19
23
-24
69
442
425
-218
-50
-198
118
260
-11
-167
-472
172
-200
-299
-468
-449
479
-76
-156
296
-124
-120
-274
-190
173
-343
489
-27
102
-351
184
-215
172
-214
293
458
57
59
-412
6
-389
-92
68
-389
111
-28
107
151
91
203
-96
212
110
423
-69
99
-391
-398
6
488
339
-39
140
-454
424
75
233
420
-50
404
-357
-214
12
33
-283
-293
-485
488
-100
449
370
63
58
121
379
-448
25
74
72
-26
192
156
-351
342
-82
-485
-270
-101
369
-42
281
111